>> rand()

ans =

    0.8147

>> rand(1,3)

ans =

    0.9058    0.1270    0.9134

>> rand(2)

ans =

    0.6324    0.2785
    0.0975    0.5469
